Math English Literature SAT
1 90 68 46 800
2 26 50 7 463
3 37 91 88 663
4 57 55 20 550
5 91 12 53 669
6 20 44 10 445
7 90 19 38 686
8 95 43 75 784
9 66 22 70 627
10 63 97 9 745
11 6 45 61 463
12 20 78 2 493
13 17 15 65 359
14 69 87 98 800
15 38 20 85 519
16 77 17 85 724
17 50 16 39 544
18 72 57 80 688
19 100 73 41 800
20 38 88 25 605
21 78 71 42 738
22 94 48 50 791
23 21 82 86 594
24 65 1 73 576
25 12 100 98 605
26 26 64 10 525
27 38 43 84 602
28 1 2 45 273
29 38 76 85 634
30 87 21 57 738
31 34 100 97 726
32 48 91 73 704
33 60 71 28 653
34 49 73 74 672
35 18 47 7 395
36 83 87 90 800
37 67 16 13 575
38 80 62 56 774
39 10 29 60 335
40 73 46 13 658
41 41 4 51 484
42 82 17 37 606
43 65 5 0 441
44 79 95 4 800
45 55 34 89 618
46 53 52 83 673
47 79 63 41 740
48 2 23 93 427
49 48 52 48 629
50 73 81 47 791
51 69 35 66 691
52 48 86 16 665
53 86 3 9 630
54 44 98 87 705
55 24 75 24 562
56 7 27 56 320
57 10 68 85 444
58 31 35 35 456
59 52 95 98 793
60 66 34 87 688
61 41 3 76 496
62 92 35 22 718
63 29 39 77 495
64 46 36 88 598
65 33 96 4 634
66 65 38 20 593
67 26 55 86 564
68 48 93 65 727
69 77 92 87 800
70 8 24 82 358
71 88 72 36 792
72 34 35 9 453
73 84 55 58 758
74 35 75 66 618
75 33 82 83 634
76 48 87 46 646
77 90 3 99 673
78 87 22 75 750
79 39 37 13 479
80 78 30 21 663
81 97 73 85 800
82 43 70 46 644
83 71 91 92 800
84 40 85 92 676
85 32 78 82 642
86 76 40 57 707
87 20 58 62 520
88 71 7 80 641
89 12 88 44 521
90 24 96 40 588
91 14 51 57 434
92 24 93 15 560
93 5 13 81 334
94 64 24 50 638
95 88 49 14 724
96 78 47 11 712
97 80 43 11 657
98 45 3 0 399
99 41 65 24 590
100 81 72 88 800
101 61 35 7 526
102 66 95 13 759
103 35 75 4 571
104 27 5 3 321
105 100 99 92 800
106 63 22 84 611
107 21 3 18 305
108 13 26 50 374
109 48 72 31 600
110 93 25 27 745
111 60 23 12 532
112 98 2 43 674
113 73 26 70 618
114 36 69 33 565
115 43 3 70 457
116 14 6 84 364
117 1 40 89 396
118 72 49 77 676
119 10 63 32 447
120 45 73 4 584
121 64 7 90 618
122 100 42 64 791
123 50 98 56 666
124 48 82 77 758
125 17 22 9 380
126 76 49 75 728
127 45 1 88 462
128 51 26 0 480
129 20 45 94 507
130 23 74 41 465
131 60 100 79 789
132 58 33 98 654
133 7 95 33 548
134 3 97 79 507
135 64 90 9 780
136 93 49 4 769
137 60 79 52 713
138 56 81 4 634
139 53 68 9 619
140 99 58 69 800
141 51 33 3 550
142 68 0 43 556
143 60 6 76 545
144 24 8 84 458
145 26 1 38 393
146 73 33 62 656
147 45 12 34 435
148 17 59 53 475
149 75 3 26 578
150 10 0 57 305
151 87 16 91 698
152 62 84 57 717
153 56 77 5 661
154 33 27 10 442
155 45 19 33 493
156 50 22 100 572
157 18 6 72 375
158 53 6 7 422
159 7 16 62 370
160 28 7 49 344
161 21 4 27 326
162 28 52 29 475
163 90 79 48 800
164 45 70 97 756
165 78 6 42 674
166 88 1 85 676
167 41 44 96 614
168 6 15 28 305
169 33 72 54 596
170 73 71 58 775
171 34 89 25 573
172 63 32 88 594
173 84 98 89 800
174 86 99 99 800
175 39 3 10 373
176 38 90 62 667
177 90 83 71 800
178 65 73 15 685
179 74 29 89 716
180 61 50 16 609
181 91 43 12 686
182 29 61 98 626
183 19 93 63 580
184 89 24 1 611
185 50 27 83 563
186 88 74 100 800
187 19 75 87 542
188 76 93 40 750
189 73 46 94 713
190 95 86 32 800
191 55 31 98 635
192 71 21 56 674
193 39 93 58 643
194 10 5 83 328
195 93 41 20 710
196 28 46 62 536
197 59 42 22 560
198 11 67 2 407
199 84 76 76 800
200 32 92 64 599
201 79 82 5 724
202 27 9 68 407
203 22 17 69 371
204 52 64 75 677
205 27 88 12 481
206 18 59 15 426
207 52 26 17 484
208 56 89 0 638
209 13 18 64 410
210 25 49 37 492
211 72 0 28 602
212 97 36 17 764
213 10 44 20 377
214 77 12 22 574
215 95 63 25 800
216 82 30 17 661
217 31 24 93 496
218 65 36 34 568
219 96 90 8 800
220 96 100 38 800
221 34 73 54 551
222 26 100 79 650
223 16 54 32 425
224 32 43 84 573
225 51 97 100 764
226 93 14 21 701
227 51 6 44 500
228 30 2 38 388
229 4 61 97 473
230 42 70 64 665
231 86 80 81 800
232 35 13 92 475
233 13 16 5 307
234 37 99 48 664
235 63 40 70 717
236 39 18 4 417
237 69 48 76 734
238 69 54 59 702
239 56 33 51 632
240 43 100 45 700
241 45 53 2 547
242 30 13 97 488
243 58 44 99 652
244 91 62 64 800
245 14 20 42 376
246 41 13 26 411
247 21 78 8 526
248 43 64 33 543
249 13 28 90 396
250 46 19 30 449
251 95 26 40 731
252 76 53 57 762
253 94 69 60 800
254 47 38 57 554
255 60 96 22 723
256 48 11 82 488
257 10 3 3 247
258 25 50 63 499
259 50 58 43 641
260 37 84 36 627
261 94 66 78 800
262 52 95 17 642
263 32 51 49 499
264 28 8 74 367
265 79 100 51 800
266 70 40 47 684
267 16 90 59 544
268 6 88 57 528
269 76 29 66 707
270 62 13 87 585
271 17 26 40 371
272 6 0 96 398
273 11 82 38 480
274 38 17 17 434
275 17 85 23 540
276 30 16 95 480
277 19 77 8 482
278 25 52 19 420
279 18 27 7 412
280 48 34 61 542
281 77 71 21 699
282 2 59 59 404
283 53 47 23 626
284 88 33 39 659
285 37 97 35 631
286 4 65 92 446
287 14 19 11 289
288 32 36 25 458
289 15 51 18 424
290 13 89 75 610
291 22 15 94 433
292 22 23 49 423
293 13 16 65 290
294 99 62 17 800
295 33 50 60 586
296 51 19 89 592
297 68 41 49 653
298 10 58 1 379
299 12 31 18 331
300 5 48 30 387
301 93 94 27 800
302 68 4 6 560
303 9 54 35 347
304 49 44 58 591
305 46 91 54 667
306 37 88 61 638
307 100 16 49 728
308 17 75 13 448
309 82 40 97 782
310 6 56 74 428
311 40 8 37 392
312 14 11 15 338
313 19 93 22 525
314 84 88 75 800
315 72 16 5 559
316 26 53 59 477
317 49 93 15 675
318 8 32 77 414
319 35 16 100 471
320 97 95 17 800
321 63 46 62 654
322 67 22 54 637
323 31 0 82 427
324 40 62 32 571
325 100 40 58 800
326 86 90 7 800
327 96 51 57 780
328 82 97 56 800
329 79 2 43 562
330 27 38 97 540
331 76 39 71 722
332 99 34 26 731
333 29 36 93 496
334 40 64 42 650
335 82 3 82 665
336 7 70 76 498
337 36 82 41 578
338 44 51 51 622
339 15 11 54 393
340 58 91 98 794
341 97 41 7 736
342 99 47 77 800
343 17 72 88 545
344 54 24 99 609
345 38 30 97 499
346 68 71 64 760
347 27 77 6 595
348 47 1 12 433
349 17 55 49 428
350 37 65 66 623
351 73 94 19 787
352 49 69 17 612
353 6 25 11 302
354 79 41 15 681
355 42 12 86 502
356 99 13 42 669
357 28 64 88 599
358 85 34 83 762
359 8 42 98 486
360 89 94 64 800
361 47 38 69 534
362 11 23 80 350
363 33 69 3 537
364 84 0 82 699
365 27 69 69 545
366 59 79 43 696
367 84 51 24 678
368 7 31 0 331
369 70 74 42 687
370 70 30 43 635
371 46 78 60 682
372 44 11 99 537
373 56 80 53 707
374 93 49 52 770
375 23 84 79 577
376 22 76 8 491
377 42 91 25 631
378 33 28 36 447
379 87 45 25 767
380 17 27 17 348
381 49 33 57 615
382 43 87 48 622
383 56 11 81 595
384 66 40 75 692
385 98 41 35 729
386 23 37 81 532
387 24 17 25 339
388 80 26 59 654
389 83 66 15 724
390 11 82 17 433
391 97 42 22 743
392 14 16 79 377
393 14 29 39 375
394 93 81 92 800
395 51 16 12 403
396 15 79 99 561
397 35 52 76 558
398 66 32 31 587
399 31 27 2 361
400 35 80 68 608
401 14 10 44 386
402 66 84 89 791
403 18 8 7 288
404 96 72 45 800
405 90 87 89 800
406 95 98 70 800
407 73 25 30 635
408 37 2 59 446
409 78 22 87 686
410 1 12 45 287
411 94 38 34 800
412 100 8 57 660
413 36 28 41 497
414 75 57 84 785
415 80 33 15 667
416 71 95 66 800
417 48 38 0 497
418 49 96 32 713
419 31 27 95 528
420 70 69 1 703
421 83 13 7 568
422 43 81 21 623
423 51 77 100 767
424 66 44 49 657
425 14 46 63 417
426 34 68 0 548
427 40 7 28 371
428 8 65 99 473
429 94 79 76 800
430 84 22 6 619
431 88 4 81 744
432 94 38 12 650
433 7 34 41 361
434 38 45 93 580
435 54 39 55 618
436 10 92 1 475
437 80 17 97 659
438 74 15 77 639
439 5 61 8 367
440 48 1 36 506
441 92 6 48 705
442 4 78 68 535
443 29 94 79 674
444 50 20 81 549
445 61 64 7 661
446 26 33 17 447
447 42 96 3 624
448 37 82 24 628
449 95 74 92 800
450 12 22 0 352
451 7 4 22 262
452 97 37 16 731
453 44 74 15 611
454 37 94 65 676
455 14 67 49 433
456 5 70 70 450
457 66 85 29 695
458 58 71 98 754
459 99 86 29 800
460 60 45 53 633
461 6 68 7 427
462 16 12 68 312
463 48 74 18 606
464 0 6 53 302
465 44 28 80 527
466 26 41 31 470
467 94 95 69 800
468 72 98 78 800
469 16 3 26 305
470 48 59 68 641
471 69 3 100 597
472 46 57 55 637
473 96 9 93 793
474 71 63 20 712
475 40 82 23 615
476 11 35 48 371
477 24 13 46 476
478 87 8 79 741
479 44 35 0 476
480 50 100 75 724
481 69 53 83 743
482 76 33 31 639
483 15 31 71 413
484 85 38 25 700
485 95 1 31 649
486 59 3 99 599
487 50 88 42 703
488 19 40 86 460
489 0 47 53 415
490 88 40 55 761
491 13 70 85 572
492 2 40 38 293
493 94 50 16 786
494 29 3 19 356
495 16 30 86 448
496 40 97 34 652
497 46 54 78 636
498 43 97 6 582
499 52 80 24 648
500 85 76 24 787
501 5 6 39 307
502 55 13 88 568
503 69 12 97 650
504 66 77 87 773
505 66 91 44 768
506 47 40 19 487
507 97 18 8 630
508 40 37 58 512
509 85 51 7 654
510 76 92 53 800
511 53 7 47 553
512 88 11 4 538
513 47 76 60 662
514 0 30 79 399
515 73 73 60 722
516 72 23 2 567
517 18 39 39 410
518 65 51 10 628
519 54 94 2 671
520 33 5 84 473
521 64 30 32 652
522 83 24 29 689
523 71 38 83 687
524 35 77 41 609
525 12 87 1 494
526 39 68 5 567
527 93 68 73 800
528 81 16 7 541
529 76 81 7 798
530 96 71 64 800
531 100 93 41 800
532 61 0 43 560
533 2 60 8 372
534 33 37 27 497
535 28 74 80 618
536 11 76 9 463
537 4 26 27 339
538 37 25 13 484
539 34 68 67 557
540 17 49 98 451
541 62 38 21 576
542 40 5 37 448
543 96 90 11 800
544 65 80 79 764
545 33 48 6 475
546 19 3 79 364
547 11 51 12 370
548 100 37 78 800
549 38 50 36 498
550 56 40 62 675
551 74 2 92 587
552 87 52 10 746
553 57 16 72 519
554 1 20 15 231
555 91 98 26 800
556 77 97 78 800
557 38 76 60 643
558 9 7 9 283
559 5 52 16 376
560 82 60 70 778
561 83 44 27 713
562 66 0 29 471
563 13 43 56 382
564 34 50 34 476
565 73 67 100 800
566 91 70 21 798
567 70 79 59 768
568 24 14 41 375
569 65 16 54 623
570 28 76 81 599
571 96 44 1 713
572 15 63 68 523
573 42 10 88 459
574 25 84 41 565
575 9 33 90 430
576 83 20 81 734
577 53 70 5 563
578 67 16 96 661
579 41 7 50 477
580 85 3 50 623
581 74 85 20 800
582 35 37 68 529
583 95 88 55 800
584 65 9 61 571
585 3 50 31 383
586 60 76 16 640
587 41 61 85 680
588 7 53 17 371
589 53 91 59 757
590 97 99 98 800
591 71 28 53 645
592 55 12 81 614
593 24 17 65 434
594 78 89 77 800
595 65 12 3 486
596 83 30 56 691
597 65 16 12 595
598 48 7 69 454
599 50 24 92 585
600 38 72 56 674
601 45 65 58 636
602 82 7 52 675
603 93 17 66 780
604 14 14 59 394
605 75 39 8 651
606 98 23 15 658
607 98 56 99 800
608 35 58 100 579
609 39 9 29 429
610 96 16 79 751
611 10 93 69 588
612 94 86 40 800
613 34 91 40 590
614 53 11 89 551
615 54 3 83 487
616 72 59 26 734
617 40 31 18 421
618 15 56 96 544
619 34 35 84 569
620 63 14 35 592
621 5 57 85 466
622 86 33 1 634
623 21 12 21 376
624 77 25 92 714
625 13 35 4 323
626 32 83 87 649
627 62 79 66 766
628 25 94 22 565
629 64 84 0 706
630 49 15 8 458
631 94 59 77 800
632 86 83 3 765
633 37 63 78 581
634 31 47 39 477
635 83 26 79 764
636 45 2 3 397
637 31 33 36 445
638 9 22 20 339
639 6 88 97 545
640 69 68 57 800
641 67 53 44 692
642 91 56 81 800
643 30 24 16 424
644 94 0 20 585
645 20 95 35 595
646 80 72 45 795
647 22 28 10 345
648 3 75 60 482
649 87 87 10 800
650 69 38 96 682
651 95 72 58 800
652 68 24 17 600
653 85 65 52 769
654 36 98 5 622
655 39 38 29 528
656 57 46 3 590
657 9 82 41 491
658 19 49 71 446
659 59 5 44 535
660 75 13 48 622
661 87 16 38 641
662 37 9 78 473
663 80 40 97 732
664 5 6 44 295
665 62 56 27 580
666 36 33 65 506
667 59 54 76 694
668 92 92 59 800
669 20 39 37 401
670 37 96 51 642
671 67 38 14 636
672 77 95 26 800
673 52 68 17 609
674 83 91 90 800
675 53 25 56 561
676 50 41 34 553
677 42 1 28 427
678 36 11 75 457
679 12 50 56 460
680 30 37 57 445
681 27 81 63 554
682 79 0 97 634
683 78 84 77 800
684 14 38 76 451
685 52 38 15 515
686 60 96 37 721
687 51 48 92 692
688 38 55 50 531
689 43 94 2 650
690 1 87 45 515
691 92 26 2 632
692 8 69 1 451
693 51 45 88 631
694 82 22 96 774
695 60 69 90 733
696 42 96 86 672
697 56 26 12 494
698 79 47 22 669
699 16 32 69 448
700 98 16 65 747
701 47 72 9 547
702 93 53 60 800
703 90 23 95 771
704 75 6 12 543
705 68 68 52 753
706 65 81 94 800
707 7 11 44 293
708 42 69 40 561
709 53 2 36 428
710 95 36 57 791
711 71 73 10 688
712 73 31 66 697
713 47 45 80 671
714 12 83 16 508
715 79 33 50 670
716 44 14 14 396
717 43 30 69 596
718 2 16 48 356
719 14 84 20 465
720 42 67 72 675
721 77 14 33 643
722 0 32 53 364
723 60 83 59 717
724 91 72 76 800
725 71 15 4 541
726 26 42 63 518
727 85 44 17 693
728 33 89 71 677
729 58 41 26 585
730 43 69 8 530
731 5 72 72 513
732 73 1 75 623
733 55 3 17 449
734 75 9 21 553
735 5 40 13 304
736 72 90 32 770
737 30 44 66 552
738 28 76 46 582
739 83 71 22 748
740 8 16 5 302
741 4 87 85 479
742 35 9 46 451
743 54 16 4 522
744 61 85 33 742
745 27 63 35 493
746 20 21 23 349
747 38 67 21 544
748 47 97 29 637
749 84 89 30 800
750 12 97 90 537
